GEOM_A_X = [  0.00,   0.00,   0.00,   0.00,   0.00,   0.00,   0.00,   0.00,   0.00,   0.00,   0.00]
GEOM_A_Y = [ -0.50,  -0.50,  -0.50,   0.10,   0.10,   0.10,   0.40,   0.40,   0.50,   0.50,   0.50]
GEOM_A_Z = [  1.00,   0.40,   0.30,   0.30,   0.10,   0.00,   0.00,   0.10,   0.10,   0.50,   1.00]
FLD_A_X = [  1.00,   0.00]
FLD_A_Y = [  1.00,   0.00]
FLD_A_Z = [  1.00,   0.00]
FORC_A_0 = [     0,      1,      1,      1,      1,      1,      1,      1,      1,      0]
FORC_A_1 = [     0,      1,      0,      0,      0,      0,      0,      0,      0,      0]
FORC_A_3 = [     0,      0,      0,      1,      0,      0,      0,      0,      0,      0]
LP = 0.310
SamePolesGeom = True