GEOM_A_X = [  0.00,   0.00,   0.00,   0.00,   0.00,   0.00,   0.00,   0.00,   0.00,   0.00,   0.00]
GEOM_A_Y = [ -0.50,  -0.50,  -0.50,   0.10,   0.10,   0.10,   0.40,   0.40,   0.50,   0.50,   0.50]
GEOM_A_Z = [  1.00,   0.40,   0.30,   0.30,   0.10,   0.00,   0.00,   0.10,   0.10,   0.50,   1.00]
GEOM_B_X = [  0.21,   0.21,   0.21,   0.21,   0.21,   0.21,   0.21,   0.21,   0.21,   0.21,   0.21]
GEOM_B_Y = [ -0.50,  -0.50,  -0.50,   0.10,   0.10,   0.10,   0.40,   0.40,   0.50,   0.50,   0.50]
GEOM_B_Z = [  1.00,   0.40,   0.30,   0.30,   -0.10,   0.00,   0.00,   -0.10,   -0.10,   0.50,   1.00]
GEOM_C_X = [  0.42,   0.42,   0.42,   0.42,   0.42,   0.42,   0.42,   0.42,   0.42,   0.42,   0.42]
GEOM_C_Y = [ -0.50,  -0.50,  -0.50,   0.10,   0.10,   0.10,   0.40,   0.40,   0.50,   0.50,   0.50]
GEOM_C_Z = [  1.00,   0.40,   0.30,   0.30,   0.10,   0.00,   0.00,   0.10,   0.10,   0.50,   1.00]
FLD_A_X = [  0.00,   0.00]
FLD_A_Y = [  0.00,   0.00]
FLD_A_Z = [  0.00,   0.00]
FLD_B_X = [  0.21,   0.21]
FLD_B_Y = [  0.00,   0.00]
FLD_B_Z = [  0.00,   0.00]
FLD_C_X = [  0.42,   0.42]
FLD_C_Y = [  0.00,   0.00]
FLD_C_Z = [  0.00,   0.00]
FORC_A_0 = [     0,      1,      1,      1,      1,      1,      1,      1,      1,      0]
FORC_A_1 = [     0,      0,      0,      0,      0,      0,      0,      0,      0,      0]
FORC_A_3 = [     0,      0,      0,      0,      0,      0,      0,      0,      0,      0]
FORC_B_0 = [     0,      1,      1,      1,      1,      1,      1,      1,      1,      0]
FORC_B_1 = [     0,      0,      0,      0,      0,      0,      0,      0,      0,      0]
FORC_B_3 = [     0,      0,      0,      0,      0,      0,      0,      0,      0,      0]
FORC_C_0 = [     0,      1,      1,      1,      1,      1,      1,      1,      1,      0]
FORC_C_1 = [     0,      0,      0,      0,      0,      0,      0,      0,      0,      0]
FORC_C_3 = [     0,      0,      0,      0,      0,      0,      0,      0,      0,      0]
LP = 0.210
SamePolesGeom = False