GEOM_MAIN.A.X = [0.42, 0.42, 0.42, 0.42, 0.42, 0.42, 0.42, 0.42, 0.42, 0.42, 0.42, 0.42, 0.42]
GEOM_MAIN.A.Y = [0.00, 0.00, 0.15, 0.30, 0.30, 0.30, 0.60, 0.60, 0.70, 0.70, 0.70, 0.70, 0.70]
GEOM_MAIN.A.Z = [1.10, 0.20, 0.20, 0.20, 0.00, -0.10, -0.10, 0.00, 0.00, 0.35, 0.90, 1.10, 1.30]
GEOM_MAIN.B.X = [0.21, 0.21, 0.21, 0.21, 0.21, 0.21, 0.21, 0.21, 0.21, 0.21, 0.21, 0.21, 0.21]
GEOM_MAIN.B.Y = [0.00, 0.00, 0.15, 0.30, 0.30, 0.30, 0.60, 0.60, 0.70, 0.70, 0.70, 0.70, 0.70]
GEOM_MAIN.B.Z = [1.10, 0.20, 0.20, 0.20, 0.00, -0.10, -0.10, 0.00, 0.00, 0.35, 0.90, 1.10, 1.30]
GEOM_MAIN.C.X = [0.00, 0.00, 0.00, 0.00, 0.00, 0.00, 0.00, 0.00, 0.00, 0.00, 0.00, 0.00, 0.00]
GEOM_MAIN.C.Y = [0.00, 0.00, 0.15, 0.30, 0.30, 0.30, 0.60, 0.60, 0.70, 0.70, 0.70, 0.70, 0.70]
GEOM_MAIN.C.Z = [1.10, 0.20, 0.20, 0.20, 0.00, -0.10, -0.10, 0.00, 0.00, 0.35, 0.90, 1.10, 1.30]
GEOM_FELD.A.X = [0.42]
GEOM_FELD.A.Y = [0.15]
GEOM_FELD.A.Z = [-0.10]
GEOM_FELD.B.X = [0.21]
GEOM_FELD.B.Y = [0.15]
GEOM_FELD.B.Z = [-0.10]
GEOM_FELD.C.X = [0.00]
GEOM_FELD.C.Y = [0.15]
GEOM_FELD.C.Z = [-0.10]
SGMT_FORC.A.0 = [0, 1, 1, 1, 1, 1, 1, 1, 1, 1, 1, 0]
SGMT_RADI.A. = [0.02, 0.02, 0.02, 0.02, 0.02, 0.02, 0.02, 0.02, 0.02, 0.02, 0.02, 0.02]
SGMT_FORC.B.0 = [0, 1, 1, 1, 1, 1, 1, 1, 1, 1, 1, 0]
SGMT_RADI.B. = [0.02, 0.02, 0.02, 0.02, 0.02, 0.02, 0.02, 0.02, 0.02, 0.02, 0.02, 0.02]
SGMT_FORC.C.0 = [0, 1, 1, 1, 1, 1, 1, 1, 1, 1, 1, 0]
SGMT_RADI.C. = [0.02, 0.02, 0.02, 0.02, 0.02, 0.02, 0.02, 0.02, 0.02, 0.02, 0.02, 0.02]
PHASE_CNT = 3
SAME_GEOM = True
POLE_DIST = -0.21
POLE_CONN = True